# Taken from Fig. 4 in https://arxiv.org/abs/2307.03222
-3.0         3.7
-2.9         3.7
-2.8         3.7
-2.7         3.7
-2.5         3.7
-2.4         3.7
-2.3         3.7
-2.1         3.7
-2.13894     3.59606
-2.12972     3.58004
-2.1205      3.56403
-2.11127     3.54801
-2.10629     3.52949
-2.10166     3.51077
-2.09767     3.49187
-2.09527     3.47253
-2.09286     3.4532
-2.09326     3.43376
-2.09463     3.41428
-2.09599     3.39481
-2.09829     3.37547
-2.10076     3.35616
-2.10473     3.33736
-2.11081     3.31928
-2.11665     3.30111
-2.12018     3.28205
-2.12371     3.26299
-2.12797     3.24422
-2.13438     3.22631
-2.14066     3.20834
-2.14472     3.18944
-2.14878     3.17053
-2.15324     3.15177
-2.158       3.13311
-2.162       3.11421
-2.16512     3.09504
-2.16824     3.07587
-2.16984     3.05643
-2.17127     3.03696
-2.1727      3.0175
-2.1742      2.99803
-2.17569     2.97857
-2.17679     2.95908
-2.1774      2.93955
-2.17802     2.92001
-2.17821     2.90048
-2.17742     2.88095
-2.17663     2.86143
-2.17539     2.84194
-2.17391     2.82247
-2.17243     2.803
-2.17155     2.78348
-2.17076     2.76395
-2.16901     2.74464
-2.16391     2.7261
-2.15881     2.70755
-2.15297     2.68937
-2.14617     2.67165
-2.13833     2.6547
-2.12856     2.63917
-2.11879     2.62364
-2.10769     2.60959
-2.09589     2.59633
-2.08383     2.58342
-2.07142     2.57099
-2.05902     2.55856
-2.046       2.54716
-2.03263     2.53632
-2.01927     2.52547
-2.00622     2.51407
-1.99319     2.50263
-1.97991     2.49178
-1.96483     2.4851
-1.94974     2.47842
-1.93459     2.47195
-1.91918     2.46647
-1.90377     2.461
-1.88835     2.45556
-1.87266     2.45146
-1.85697     2.4492
-1.8413      2.45335
-1.82562     2.4575
-1.81007     2.46217
-1.79485     2.46836
-1.77964     2.47454
-1.7643      2.48023
-1.74894     2.48585
-1.73342     2.49036
-1.71739     2.49124
-1.70137     2.49213
-1.68533     2.4923
-1.6693      2.49163
-1.65326     2.49095
-1.63722     2.49028
-1.62118     2.49015
-1.60514     2.49015
-1.58909     2.49015
-1.5731      2.48955
-1.55738     2.48556
-1.54167     2.48157
-1.52596     2.47754
-1.51039     2.4728
-1.49482     2.46806
-1.47925     2.46332
-1.4639      2.45758
-1.44857     2.45179
-1.43324     2.44599
-1.41789     2.44025
-1.40246     2.43488
-1.38702     2.42951
-1.37159     2.42414
-1.3563      2.4182
-1.3412      2.41158
-1.32609     2.40496
-1.31093     2.39854
-1.29533     2.39396
-1.27973     2.38937
-1.26412     2.38478
-1.24847     2.3805
-1.2327      2.37681
-1.21694     2.37312
-1.20118     2.36944
-1.18527     2.36691
-1.16935     2.36438
-1.15343     2.36207
-1.13738     2.36207
